image_width: 1280
image_height: 720
camera_name: narrow_stereo
camera_matrix:
  rows: 3
  cols: 3
  data: [1118.894363, 0, 603.359791, 0, 1117.034461, 350.842898, 0, 0, 1]
distortion_model: plumb_bob
distortion_coefficients:
  rows: 1
  cols: 5
  data: [-0.02046, -0.082499, 0.001458, -0.00357, 0]
rectification_matrix:
  rows: 3
  cols: 3
  data: [1, 0, 0, 0, 1, 0, 0, 0, 1]
projection_matrix:
  rows: 3
  cols: 4
  data: [1098.156616, 0, 596.5838189999999, 0, 0, 1112.515869, 350.812578, 0, 0, 0, 1, 0]